name=mm
xpix_size=0.003450
ypix_size=0.003450
xres=2440
yres=2048
[data]
f=8.595491742394007
xc=1266.60
yc=1111.35

x0=
y0=

k1=-0.078470991609759
k2=0.109106631527471
k3=
p1=0
p2=0

ap1=0.0000634760146 ?
ap2=-0.0000147760572 ?

Xs=0.000000
Ys=0.000000
Zs=0.000000
Rx=0.000000
Ry=0.000000
Rz=0.000000